   id
--------
 149243
 149244
 149245
 149246
 149247
 149248
 149249
 149250
 149251
 149252
 149253
 149254
 149255
 149256
 149257
 149258
 149259
 149260
 149261
 149262
 149263
 149264
 149265
 149266
 149267
 149268
 149269
 149270
 149271
 149272
 149273
 149274
 149275
 149276
 149277
 149278
 149279
 149280
 149281
 149282
 149283
 149284
 149285
 149286
 149287
 149288
 149289
 149290
 149291
 149292
 149293
 149294
 149295
 149296
 149297
 149298
 149299
 149300
 149301
 149302
 149303
 149304
 149305
 149306
 149307
 149308
 149309
 149310
 149311
 149312
 149313
 149314
 149315
 149316
 149317
 149318
 149319
 149320
 149321
 149322
 149323
 149324
 149325
 149326
 149327
 149328
 149329
 149330
 149331
 149332
 149333
 149334
 149335
 149336
 149337
 149338
 149339
 149340
 149341
 149342
(100 rows)
