   id
--------
 123591
 123592
 123593
 123594
 123595
 123596
 123597
 123598
 123599
 123600
 123601
 123602
 123603
 123604
 123605
 123606
 123607
 123608
 123609
 123610
 123611
 123612
 123613
 123614
 123615
 123616
 123617
 123618
 123619
 123620
 123621
 123622
 123623
 123624
 123625
 123626
 123627
 123628
 123629
 123630
 123631
 123632
 123633
 123634
 123635
 123636
 123637
 123638
 123639
 123640
 123641
 123642
 123643
 123644
 123645
 123646
 123647
 123648
 123649
 123650
 123651
 123652
 123653
 123654
 123655
 123656
 123657
 123658
 123659
 123660
 123661
 123662
 123663
 123664
 123665
 123666
 123667
 123668
 123669
 123670
 123671
 123672
 123673
 123674
 123675
 123676
 123677
 123678
 123679
 123680
 123681
 123682
 123683
 123684
 123685
 123686
 123687
 123688
 123689
 123690
(100 rows)
